 --------------------------
 #               (58.000000000000000,0.0000000000000000)               (39.111111111111107,0.0000000000000000)               (20.427350427350426,0.0000000000000000)              (-5.7737556561085981,0.0000000000000000)              (-39.859943977591037,0.0000000000000000)              (-81.904761904761898,0.0000000000000000)              (-131.93103448275861,0.0000000000000000)              (-189.94775339602927,0.0000000000000000)               (26.186146828319085,0.0000000000000000)               (25.324572546586207,0.0000000000000000)               (25.151504349833818,0.0000000000000000)               (25.087717175679206,0.0000000000000000)               (25.057207645639707,0.0000000000000000)               (25.040257441839994,0.0000000000000000)               (25.029868493493023,0.0000000000000000)             (-9999.0000000000000,-9999.0000000000000)
 #               (33.333333333333329,0.0000000000000000)               (46.380952380952387,0.0000000000000000)               (30.649350649350644,0.0000000000000000)               (8.3030303030303045,0.0000000000000000)              (-21.824561403508774,0.0000000000000000)              (-59.885583524027453,0.0000000000000000)              (-105.91948470209340,0.0000000000000000)              (-159.94026284348865,0.0000000000000000)               (29.814239699997195,0.0000000000000000)               (25.555062599997598,0.0000000000000000)               (25.213645282964961,0.0000000000000000)               (25.113117642528998,0.0000000000000000)               (25.070026927498255,0.0000000000000000)               (25.047618705348690,0.0000000000000000)               (25.034482628313661,0.0000000000000000)             (-9999.0000000000000,-9999.0000000000000)
 lol         264           1           0
 lol         264         264           0
 lol         264           1           0
 lol         264         264           0
 t0             (-81.027938021542127,-0.0000000000000000)             (-45.483917359645602,-0.0000000000000000)             (-15.328137238619918,-0.0000000000000000)              (11.455682229446117,-0.0000000000000000)              (43.495409565900310,-0.0000000000000000)              (84.376150319503751,-0.0000000000000000)              (134.42585116857470,-0.0000000000000000)              (199.96568721517050,-0.0000000000000000)
 t0             (-81.027943917047295,-0.0000000000000000)             (-45.489677285962678,-0.0000000000000000)             (-16.065506212699798,-0.0000000000000000)              (2.5739071875425243,-0.0000000000000000)              (26.567351211465915,-0.0000000000000000)              (62.885200809931113,-0.0000000000000000)              (108.85830479708696,-0.0000000000000000)              (170.60158921613498,-0.0000000000000000)
 tt             (-81.027938021542127,-0.0000000000000000)             (-45.483917359645602,-0.0000000000000000)             (-15.328137238619918,-0.0000000000000000)              (11.455682229446117,-0.0000000000000000)              (43.495409565900310,-0.0000000000000000)              (84.376150319503751,-0.0000000000000000)              (134.42585116857470,-0.0000000000000000)              (199.96568721517050,-0.0000000000000000)
 tt             (-81.027943917047295,-0.0000000000000000)             (-45.489677285962678,-0.0000000000000000)             (-16.065506212699798,-0.0000000000000000)              (2.5739071875425243,-0.0000000000000000)              (26.567351211465915,-0.0000000000000000)              (62.885200809931113,-0.0000000000000000)              (108.85830479708696,-0.0000000000000000)              (170.60158921613498,-0.0000000000000000)
 ####--------------
           0             (-81.027943917047295,-0.0000000000000000)              (-81.027943944957755,0.0000000000000000)        (-2.79104551398644783E-008,0.0000000000000000)
           1             (-81.027938021542127,-0.0000000000000000)              (-81.027938023745591,0.0000000000000000)        (-2.20345721630463904E-009,0.0000000000000000)
           2             (-45.489677285962678,-0.0000000000000000)              (-45.489680497418931,0.0000000000000000)        (-3.21145625185056369E-006,0.0000000000000000)
           3             (-45.483917359645602,-0.0000000000000000)              (-45.483917646256643,0.0000000000000000)        (-2.86611040796771717E-007,0.0000000000000000)
           4             (-16.065506212699798,-0.0000000000000000)              (-16.065564650283328,0.0000000000000000)        (-5.84375835293905144E-005,0.0000000000000000)
           5             (-15.328137238619918,-0.0000000000000000)              (-15.328144254757341,0.0000000000000000)        (-7.01613742273628938E-006,0.0000000000000000)
           6              (2.5739071875425243,-0.0000000000000000)               (2.5736748996433461,0.0000000000000000)        (-2.32287899178505085E-004,0.0000000000000000)
           7              (11.455682229446117,-0.0000000000000000)               (11.455587007978755,0.0000000000000000)        (-9.52214673615338206E-005,0.0000000000000000)
           8              (26.567351211465915,-0.0000000000000000)               (26.564077230683804,0.0000000000000000)        (-3.27398078211284162E-003,0.0000000000000000)
           9              (43.495409565900310,-0.0000000000000000)               (43.493589726937259,0.0000000000000000)        (-1.81983896304803352E-003,0.0000000000000000)
          10              (62.885200809931113,-0.0000000000000000)               (62.827227905632704,0.0000000000000000)        (-5.79729042984128695E-002,0.0000000000000000)
          11              (84.376150319503751,-0.0000000000000000)               (84.335696926250947,0.0000000000000000)        (-4.04533932528043649E-002,0.0000000000000000)
          12              (108.85830479708696,-0.0000000000000000)               (107.96324534190087,0.0000000000000000)             (-0.89505945518608221,0.0000000000000000)
          13              (134.42585116857470,-0.0000000000000000)               (133.67663765556119,0.0000000000000000)             (-0.74921351301350547,0.0000000000000000)
          14              (170.60158921613498,-0.0000000000000000)               (161.53828297994286,0.0000000000000000)              (-9.0633062361921120,0.0000000000000000)
          15              (199.96568721517050,-0.0000000000000000)               (191.31653564680730,0.0000000000000000)              (-8.6491515683632212,0.0000000000000000)
 --------------------------
 --------------
 --------------
 NN          16
 n           1
 m           0
 c               (10.000000000000000,0.0000000000000000)